,0
0,13.54
1,11.78
2,10.34
3,12.51
4,8.85
5,13.879999999999999
6,13.17
7,9.8
8,11.669999999999998
9,7.430000000000001
10,8.27
11,8.85
12,9.29
13,13.0
14,18.33
15,14.309999999999999
16,12.29
17,12.39
18,11.249999999999998
19,7.749999999999999
20,11.55
21,17.78
22,10.089999999999996
23,11.389999999999999
24,15.39
25,10.049999999999999
26,8.590000000000002
27,13.230000000000002
28,17.93
29,17.94
30,17.38
31,9.08
32,5.46
33,5.5
34,12.0
35,15.54
36,13.72
37,14.559999999999999
38,11.89
39,11.879999999999999
40,16.58
41,10.76
42,13.27
43,6.120000000000001
44,15.440000000000001
45,10.57
46,2.83
47,13.870000000000001
48,12.75
49,15.03
50,16.42
51,7.0200000000000005
52,5.609999999999999
53,11.77
54,14.69
55,15.27
56,3.52
57,10.21
58,15.319999999999999
59,9.89
60,11.989999999999998
61,13.55
62,10.15
63,6.4
64,14.41
65,10.469999999999999
66,7.08
67,0.0
68,9.72
69,14.969999999999999
70,3.45
71,15.069999999999999
72,8.25
73,8.48
74,0.44
75,15.27
76,13.3
77,15.010000000000005
78,9.8
79,12.16
80,8.020000000000001
81,7.84
82,4.26
83,8.68
84,10.97
85,10.969999999999999
86,7.420000000000001
87,1.0899999999999999
88,8.69
89,12.92
90,7.68
91,5.8999999999999995
92,11.23
93,18.53
94,8.59
95,19.43
96,16.53
97,5.790000000000002
98,7.950000000000001
99,9.86
100,12.35
101,8.09
102,7.79
103,3.9299999999999997
104,4.08
105,4.67
106,12.190000000000001
107,9.51
108,13.780000000000001
109,14.370000000000001
110,7.96
111,14.53
112,8.17
113,13.34
114,19.44
115,9.18
116,10.75
117,13.35
118,18.32
119,14.55
120,16.32
121,15.719999999999999
122,10.8
123,1.83
124,10.2
125,13.09
126,12.010000000000002
127,17.1
128,10.97
129,15.63
130,16.44
131,13.14
132,12.25
133,6.210000000000001
134,4.880000000000001
135,7.250000000000001
136,8.209999999999999
137,1.0799999999999998
138,4.66
139,11.359999999999998
140,16.78
141,11.54
142,6.62
143,11.65
144,7.98
145,13.3
146,20.0
147,20.560000000000002
148,17.17
149,14.450000000000001
150,9.93
151,7.5
152,12.290000000000001
153,14.549999999999999
154,15.04
155,8.090000000000002
156,2.77
157,6.77
158,6.7200000000000015
159,9.25
160,6.679999999999999
161,5.5
162,7.930000000000001
163,8.739999999999998
164,16.03
165,19.69
166,18.91
167,14.639999999999999
168,15.98
169,11.179999999999998
170,9.190000000000001
171,8.09
172,8.71
173,16.59
174,11.139999999999999
175,8.01
176,12.339999999999998
177,16.16
178,9.58
179,11.98
180,10.23
181,6.860000000000002
182,11.900000000000002
183,7.01
184,5.930000000000001
185,17.09
186,11.71
187,8.52
188,12.33
189,15.98
190,21.72
191,21.0
192,17.689999999999998
193,12.059999999999999
194,10.980000000000002
195,13.93
196,14.370000000000001
197,13.05
198,8.3
199,8.790000000000001
200,10.370000000000001
201,10.45
202,11.68
203,6.19
204,2.79
205,9.430000000000001
206,6.63
207,13.94
208,14.509999999999998
209,11.17
210,8.36
211,9.03
212,8.729999999999999
213,11.530000000000001
214,4.27
215,9.059999999999999
216,11.37
217,13.16
218,9.51
219,12.93
220,11.47
221,13.440000000000001
222,5.13
223,7.550000000000001
224,5.9399999999999995
225,12.75
226,10.28
227,11.76
228,15.96
229,11.16
230,10.2
231,10.559999999999999
232,9.84
233,13.559999999999999
234,8.73
235,7.34
236,20.12
237,18.05
238,9.37
239,14.46
240,9.709999999999999
241,11.66
242,13.52
243,12.139999999999999
244,15.02
245,6.440000000000001
246,12.02
247,16.42
248,10.57
249,9.84
250,5.76
251,10.519999999999998
252,5.28
253,17.3
254,7.8
255,9.48
256,10.97
257,9.11
258,15.83
259,18.39
260,13.44
261,15.22
262,20.15
263,11.35
264,9.919999999999998
265,13.43
266,11.379999999999999
267,12.2
268,14.43
269,19.45
270,11.82
271,13.75
272,9.58
273,13.620000000000001
274,11.9
275,6.98
276,10.12
277,0.6
278,13.899999999999999
279,9.04
280,11.65
281,5.380000000000001
282,7.5200000000000005
283,11.16
284,7.7700000000000005
285,20.1
286,17.95
287,19.23
288,14.89
289,11.759999999999998
290,12.55
291,10.79
292,9.519999999999998
293,11.19
294,9.549999999999999
295,15.950000000000001
296,15.92
297,6.93
298,18.12
299,9.76
300,5.250000000000001
301,20.29
302,13.82
303,11.099999999999998
304,4.32
305,13.719999999999999
306,15.289999999999997
307,8.33
308,13.38
309,7.37
310,12.14
311,9.459999999999999
312,10.3
313,8.739999999999998
314,12.25
315,10.729999999999997
316,13.1
317,15.55
318,13.129999999999999
319,13.54
320,15.02
321,14.2
322,13.829999999999998
323,11.95
324,17.6
325,20.080000000000002
326,20.21
327,7.769999999999999
328,11.56
329,22.590000000000003
330,18.380000000000003
331,14.6
332,8.850000000000001
333,16.2
334,23.09
335,21.009999999999998
336,16.380000000000003
337,21.439999999999998
338,12.4
339,0.85
340,10.92
341,8.919999999999998
342,16.03
343,7.980000000000001
344,10.780000000000001
345,12.45
346,4.73
347,10.09
348,14.370000000000001
349,10.66
350,16.400000000000002
351,20.869999999999997
352,10.209999999999999
353,5.49
354,16.23
355,16.630000000000003
356,16.07
357,10.21
358,4.26
359,9.67
360,14.760000000000002
361,7.090000000000001
362,3.56
363,6.880000000000001
364,5.01
